1717  0.01502828854314009
2460  0.021143185747146243
3523  0.032990799079908095
5047  0.04942458531567451
7231  0.08095452402383108
9244  0.13203939441563217
10717  0.20123009324742003
15356  0.24567456745674576
20153  0.2897429852875397
23934  0.3368672184678785
28238  0.3885529624391011
31921  0.4436018998725271
35619  0.5040926711718792
43696  0.5489352506679239
52680  0.6003533045612253
64738  0.649066692383524
79031  0.6976036889403225
113235  0.7344841627019845
162259  0.7795815295815296
232427  0.7977351306559227
332876  0.8011747603331761
476737  0.8046143900104297
682799  0.8113025588273113
977944  0.8193283614075693
1400792  0.8342334233423343
2006788  0.8613682796851114
2875091  0.8925160373180174
4117984  0.9026438358121526
5897902  0.9091409140914091
8447567  0.9194598031231694
12100906  0.9391421284985642
17331411  0.9462124783906962
24820505  0.9462124783906962
35545718  0.9462124783906962
50908031  0.9502253796808252
72909701  1.0
