1  0.01502828854314009
2  0.021143185747146243
3  0.032990799079908095
5  0.04942458531567451
7  0.08095452402383108
9  0.13203939441563217
10  0.20123009324742003
15  0.24567456745674576
20  0.2897429852875397
23  0.3368672184678785
28  0.3885529624391011
31  0.4436018998725271
35  0.5040926711718792
43  0.5489352506679239
52  0.6003533045612253
64  0.649066692383524
79  0.6976036889403225
113  0.7344841627019845
162  0.7795815295815296
232  0.7977351306559227
332  0.8011747603331761
476  0.8046143900104297
682  0.8113025588273113
977  0.8193283614075693
1400  0.8342334233423343
2006  0.8613682796851114
2875  0.8925160373180174
4117  0.9026438358121526
5897  0.9091409140914091
8447  0.9194598031231694
12100  0.9391421284985642
17331  0.9462124783906962
24820  0.9462124783906962
35545  0.9462124783906962
50908  0.9502253796808252
72909  0.9542382809709542
104423  0.9609264497878359
149561  0.9689522523680939
214207  0.9756404211849756
306775  0.9773602360236023
439350  0.9798444130127298
629226  0.9832840426899833
830528  1.0
