3  0.04469553341106236
5  0.09617077021076637
7  0.14629318006498704
9  0.19371903233702836
11  0.24420301493249008
14  0.29066072264122567
17  0.3407835714495201
21  0.38577958717607885
26  0.4429914564830657
32  0.4926348671105706
39  0.5384963246887449
46  0.5876564845057919
57  0.6317856035615195
69  0.6727039240670099
89  0.721148689076361
113  0.7710433026689304
151  0.8203716655064865
210  0.8621225522937334
302  0.8933227807717898
434  0.9149663519891573
622  0.932978393447463
892  0.9502259023249136
1280  0.9604014848294543
1835  0.9665632712845056
2632  0.9744452560464809
3775  0.979077977339822
5414  0.9833284323427356
7763  0.9850941564578699
11131  0.9859042148469355
15962  0.9893901372689938
22889  0.9894356630772042
32820  0.9894811888854146
47061  0.989526714693625
67480  0.9895722405018353
96760  0.9898088994552595
138748  0.9917657567156076
198951  0.991811282523818
285275  0.9918568083320284
409055  0.9919023341402388
586548  0.9925212593840904
827393  1.0
