3602  0.04469553341106236
5321  0.09617077021076637
7634  0.14629318006498704
9299  0.19371903233702836
11327  0.24420301493249008
14178  0.29066072264122567
17996  0.3407835714495201
21499  0.38577958717607885
26190  0.4429914564830657
32005  0.4926348671105706
39887  0.5384963246887449
46697  0.5876564845057919
57017  0.6317856035615195
69745  0.6727039240670099
89019  0.721148689076361
113048  0.7710433026689304
151919  0.8203716655064865
210935  0.8621225522937334
302587  0.8933227807717898
434006  0.9149663519891573
622472  0.932978393447463
892769  0.9502259023249136
1280315  0.9604014848294543
1835992  0.9665632712845056
2632903  0.9744452560464809
3775545  0.979077977339822
5414050  0.9833284323427356
7763368  0.9850941564578699
11131980  0.9859042148469355
15962852  0.9893901372689938
22889074  0.9894356630772042
32820557  0.9894811888854146
47061274  0.989526714693625
67480984  0.9895722405018353
96760982  1.0
